103.0 103.38317293834524
90.0 105.34840519464301
85.99999999999999 81.92653452617738
75.0 82.72695872707521
65.0 72.34494346002509
63.0 67.07602063830711
60.0 52.74514372265712
58.0 56.51900122596916
50.0 55.20865692017699
42.0 49.98340503677152
33.0 36.98265042344816
34.0 32.07215582574196
35.0 31.380367580194623
39.0 34.38416623476842
53.0 41.435942350448485
60.0 47.59219668092105
69.99999999999999 49.595494733574526
69.0 52.6363704477414
73.0 52.83417926864623
69.99999999999999 58.220541742464754
66.0 60.989307237536025
63.0 58.78406003437055
64.0 58.76292971906576
53.0 52.38553130067561
47.0 53.47135288752898
45.0 44.18448906021744
40.0 39.57795923262694
31.0 42.384237827864546
19.0 32.39532588186463
18.0 24.516835206173255
19.0 31.203565610828885
15.0 24.095115091669093
21.0 18.474597809024637
19.0 18.099292703347217
23.0 16.048749191162578
16.0 25.106006829754445
14.0 14.622701210349456
14.0 15.56756694530305
15.0 19.610945264544302
17.0 16.413871878415932
17.0 18.22799317037185
13.0 10.56002861363876
12.0 6.468684839623336
10.0 6.764764255763833
15.0 5.243550297263294
16.0 8.347447662433378
19.0 9.211859117372931
21.0 10.343780356706734
22.0 15.271715830263393
22.0 16.362742275166745
-3.0 18.048713564237573
37.0 -0.898338622609721
37.0 36.00738085613291
39.0 34.23385403857626
45.0 33.93960861420086
50.0 35.852750952824636
47.0 34.144941275493224
45.0 51.92442107317807
40.0 45.85057137689742
38.0 46.02355791036347
29.0 44.95838670440347
28.0 33.02269680379277
21.0 28.231340132374054
22.0 29.75138521423454
18.0 25.731016211143707
18.0 25.456822553797636
18.0 17.294043550214766
14.0 14.18233462071731
16.0 17.12517794000633
20.0 17.013841014113755
27.0 23.395783592086055
28.0 25.872922197887963
25.0 22.659176784702733
25.0 26.180548855379477
34.0 28.77023020286836
34.0 40.122650811475474
31.0 38.233837630334435
28.0 34.41811322114618
25.0 30.313907950292688
25.0 31.916474727970424
16.0 26.506625415968667
14.0 19.798499366466007
11.0 27.400176599009157
20.0 23.715867395229512
25.0 30.647348912069415
27.0 28.47841837327423
24.0 31.481915966594578
24.0 29.73795191560697
25.0 25.615172488565058
26.0 29.29068168498699
27.0 29.50485740751025
29.0 34.14879259457593
25.0 28.289512409965294
23.0 29.105771841023106
24.0 31.29621453766487
33.0 26.64009594268827
34.0 42.461373414490126
38.0 35.19245464323235
32.0 44.96766962648942
37.0 34.97230726783013
34.0 44.096880933194676
44.0 37.23545898482979
45.0 40.37604913876598
48.0 44.53851359809097
41.0 46.603827733271046
34.0 40.96563397457107
34.0 40.22033740214338
35.0 41.36961046465533
49.0 45.11161044513061
55.0 59.75119522057502
61.0 51.37728416792473
57.0 56.22403515989906
55.0 51.59793679515721
50.0 47.0495961448994
48.0 47.62670451066463
45.0 50.47567125954818
44.0 46.39268223409802
45.0 44.85216254408441
49.0 45.73925117799962
58.0 46.06798273367953
52.0 54.572465789098516
34.0 56.91900559809115
18.0 49.01431790432402
14.0 27.46713075723525
22.0 26.45822014483349
23.0 31.151600810364105
24.0 25.86031095577685
22.0 26.99575322345433
21.0 23.788323318362114
26.0 23.263892945122205
31.0 24.28275885202935
33.0 34.42016449563624
25.0 34.25357547936778
27.0 24.382533566633903
29.0 24.724218199692693
34.0 27.37955267288584
37.0 33.339781670814105
31.0 32.79212708629758
32.0 28.044740172931707
25.0 28.68918007251473
32.0 22.859362614033085
30.0 29.063265639525987
36.0 32.99162772935781
39.0 36.068754007890696
50.0 36.79530190020255
54.0 53.237478230581445
56.0 60.13199537928878
44.0 55.70027037790767
37.0 44.91298573234549
38.0 47.47512176373486
46.0 40.86061952072314
54.0 43.38718383965834
48.0 52.37129210281173
39.0 43.39296960741984
38.0 38.995250272886736
36.0 37.96446229541423
34.0 46.64757494977508
25.0 43.222396740573544
27.0 34.91493175122484
33.0 35.616301318368585
35.0 31.99147676517555
35.0 37.30728839273051
35.0 37.25122757628105
33.0 44.10561541813416
37.0 30.921683111376048
45.0 42.77401634805533
49.0 48.03396791144645
57.0 47.79630950139367
56.0 51.23566021761573
60.0 49.309393587462594
54.0 45.67066814775802
46.0 41.88833452924851
48.0 38.36783256821968
55.0 48.87696635133307
66.0 53.214118651826425
77.99999999999999 66.39601608928545
73.0 65.18931845894764
77.99999999999999 65.25452848245156
67.0 69.14844538884294
65.0 61.3245675517915
47.0 68.76241584084586
34.0 54.155162363976245
23.0 45.723872848701006
18.0 36.83710843118524
17.0 17.64341028009951
18.0 13.856879057485862
22.0 14.356861777170067
23.0 14.211805429649928
23.0 19.233346912949994
20.0 12.908630418586702
10.0 19.04659866921959
14.0 19.53927801141036
11.0 15.835729602805822
20.0 18.715495608430988
15.0 18.452039489855643
16.0 6.8821705725399305
13.0 14.499754179843656
14.0 11.335435504152212
12.0 12.301180016844125
13.0 12.749008544828548
7.0 7.462481293428159
11.0 4.60395619688239
11.0 16.41176341771594
11.0 14.718287228243765
13.0 11.028086251627293
7.0 10.634102176185667
15.0 -1.3871727937099259
15.0 13.917414761081563
23.0 8.699953388581662
18.0 16.854402825560207
17.0 5.897737672031948
10.0 11.338523436923076
9.0 8.465040934450478
14.0 9.011413856978542
21.0 18.859173606579304
26.0 18.004693772143703
26.0 23.553116176695866
24.0 24.26649050129114
25.0 25.651884757973555
25.0 25.904396844735793
32.0 33.49354647690319
32.0 29.018268905386908
34.0 20.008442707647227
34.0 20.866530755931578
25.0 25.209406093474954
24.0 25.110378027841072
18.0 34.61953073852496
24.0 26.22109030900759
17.0 37.64368119379163
24.0 20.691460927632843
22.0 29.522457194017854
25.0 20.28662968054656
24.0 27.735540905150675
23.0 23.500385695399604
22.0 30.585863691105605
21.0 26.343183340461998
20.0 27.12798323474884
25.0 25.49127093283135
35.0 28.46340203932864
44.0 31.34913444560638
45.0 39.38224711892698
40.0 42.20276458774809
41.0 45.39859639539688
51.0 45.82744560728732
58.0 51.19961672374088
60.0 61.343227180820875
45.0 46.82989178237041
41.0 28.62917507341299
34.0 34.4718428257096
40.0 34.442047321562015
35.0 45.02375956313555
45.0 42.62702771353719
45.0 46.2265410936571
52.0 40.96490200385885
50.0 46.09801725701713
55.0 42.22463932099734
47.0 48.855459106370745
42.0 47.46397822188134
32.0 39.80863983980926
33.0 40.08006093078164
38.0 37.31816192558077
42.0 38.18984512266492
38.0 40.891850779748054
24.0 31.068549183484116
23.0 28.575024534055657
24.0 29.26624234751338
29.0 37.15598353161071
22.0 35.02733815746353
21.0 26.07592541725391
21.0 23.962960907603673
22.0 19.53282484505946
26.0 24.826855319126015
24.0 28.994008696517376
31.0 24.895509836946992
24.0 36.348161258690666
22.0 32.93169343741512
16.0 21.29400259782499
16.0 16.760722087825823
23.0 20.133752022821135
21.0 24.014914459632866
24.0 23.984956605472956
21.0 17.8949758826423
26.0 9.350124796156102
30.0 25.481206881317853
33.0 21.310684308095958
33.0 26.274317419510282
29.0 25.775308759056553
39.0 17.89086257325225
34.0 23.935117296653438
36.0 33.86792021407422
34.0 22.90828233372489
34.0 29.85110627208102
32.0 28.52398362999522
24.0 24.08060806918324
29.0 22.05538951405301
24.0 33.79467331042152
37.0 24.802149963264732
38.0 35.29475614914259
41.0 30.9272490391629
34.0 34.89630836916088
35.0 30.920494490042113
35.0 30.278019072656875
26.0 30.515533682696677
19.0 21.77979222141093
16.0 16.08182164949082
17.0 12.835282484924472
19.0 12.526844694541232
16.0 5.8058859892889565
18.0 10.669789101645396
19.0 11.609763003243685
31.0 8.669787774356468
30.0 25.49311981714746
35.0 19.16395636751708
30.0 20.434232638040285
0.0 25.417711426019686
37.0 5.712300106319542
40.0 22.082066399803267
40.0 23.010356582087734
53.0 23.017055916790365
52.0 18.407999587762347
42.0 17.226798733530202
25.0 39.20865752433014
17.0 25.276728126921387
18.0 28.341001545078473
11.0 26.738184319005867
13.0 20.780858280277123
14.0 11.177043560329047
19.0 9.443287939426291
20.0 23.427760947705263
19.0 14.884909498156157
21.0 12.94820249607291
23.0 27.935325059759194
22.0 18.99515573901614
18.0 21.329395130573975
16.0 21.060939580855027
17.0 14.568494128164687
21.0 19.768416858736884
19.0 28.169786581768985
26.0 34.28977280000098
29.0 28.155809072418087
35.0 35.2425223316908
33.0 42.253474031722014
30.0 18.744881113956893
32.0 12.936717485388396
45.0 24.365334510344262
54.0 38.783972997710954
59.0 54.48983442806244
71.0 61.3405304979143
75.0 65.60630225334421
85.0 86.88609879211891
75.0 82.2125401247836
58.0 62.99565690603225
46.0 59.7681293683229
43.0 56.43304023796988
35.0 34.77972344092924
24.0 17.897427682390443
10.0 31.42403793057282
14.0 6.72475634382921
8.0 4.371333435357741
14.0 14.68176807369354
20.0 15.667698562884677
18.0 8.921164321200155
16.0 3.602976235769745
13.0 15.439976680610833
19.0 13.9049345522383
20.0 17.498303295931322
19.0 19.102801586989056
15.0 20.50809023261797
17.0 15.37269564162838
14.0 11.630599968384175
19.0 19.926243878947357
14.0 15.232358919439482
11.0 11.715458726284186
8.0 15.442425815074687
7.0 12.430216602808738
10.0 15.834420359678035
15.0 17.329775580480955
13.0 15.088923143973444
20.0 8.094700677973833
7.0 17.431543244117417
12.0 6.422199483503693
3.0 11.84449224181132
6.0 -2.892659009953423
7.0 4.656261027373276
7.0 4.432816317653128
6.0 7.684616822497887
1.0 9.390353123326854
1.0 0.7958847878433559
2.0 0.18419717563550364
5.0 1.3320939162772412
11.0 1.8843537065982687
-3.0 12.095867053323747
22.0 5.147912923863462
13.0 10.85313968026938
12.0 10.696388926263033
8.0 7.981686095563617
18.0 -0.3856234310940927
15.0 17.61307117155409
18.0 11.107357599066475
14.0 11.55937844949002
18.0 24.732336639556618
17.0 16.19020901189333
12.0 11.16226316115964
13.0 15.699150423977533
12.0 15.204736430949948
18.0 11.831691727279253
21.0 16.126724368234285
30.0 7.7111993412240665
25.0 18.397864858799704
25.0 20.047452238924578
24.0 13.970589617223075
20.0 20.43669921557047
26.0 20.970106296581893
26.0 25.160482998388506
27.0 23.28351604489326
22.0 23.807650961812676
15.0 17.87002559249704
23.0 25.47861486947185
20.0 29.2843921627408
25.0 26.326454559130777
17.0 25.549377309689987
15.0 17.208797562590583
12.0 20.76155834269597
10.0 14.228478111540511
13.0 17.227795403669436
8.0 5.281250074866627
16.0 4.496247333834287
15.0 11.263670431984892
15.0 17.758738158146606
17.0 10.92737610590655
22.0 14.49537925980413
32.0 23.530236113714043
32.0 25.936441313242437
41.0 34.186544976989666
47.0 38.85885379129812
52.0 36.759628745501914
56.0 45.124201605767794
67.0 55.26892815798439
85.99999999999999 54.79952136339402
82.0 62.32323356043291
72.0 68.73003997047297
46.0 63.99569966750694
42.0 52.993511706417735
33.0 55.23489652092367
37.0 47.29581853850559
35.0 43.94261661982558
38.0 40.104821491798134
35.0 32.89213302827589
39.0 32.52177843664058
34.0 34.97049204113724
34.0 35.46694335794528
29.0 30.64427714611955
30.0 33.52811015592113
28.0 28.3004407843264
33.0 30.538273183724318
41.0 30.896209210446255
41.0 32.34183980227562
36.0 40.35548632763678
27.0 44.16106455326306
30.0 34.745894361433436
34.0 28.895000361558406
36.0 36.35407303424904
0.0 28.09756878447089
37.0 -10.756325600380716
40.0 21.262217349865004
44.0 26.48132148942932
45.0 41.54703820143642
45.0 38.691773294446456
44.0 50.39519897528183
47.0 52.62843012713207
48.0 43.19153894226707
5.0 16.09200853904914
6.0 10.33201925946332
6.0 13.128543846534482
10.0 10.157911885490005
12.0 5.09444782786656
12.0 9.883942718235804
16.0 15.059253852933068
25.0 8.858475603342562
34.0 20.300509082329025
33.0 33.124844559708784
31.0 30.023928343982544
25.0 29.0035969218751
30.0 21.614524776176545
29.0 27.55038867231285
29.0 21.77468772944703
26.0 19.61327518128823
21.0 18.956274502096765
26.0 14.242797432284375
22.0 20.922902225832896
24.0 16.097455846197718
28.0 17.806581465837475
32.0 14.682384032084906
31.0 22.33788668573402
27.0 17.56715441631282
30.0 24.053820726678364
35.0 28.463251370276
29.0 36.36473647081999
26.0 22.94685342340112
24.0 22.69629426043677
25.0 20.440030625420672
24.0 21.546617815095246
27.0 22.692779280453554
26.0 26.333684813977015
30.0 27.1538960322437
18.0 39.09630006964039
17.0 33.30547849561651
19.0 33.75265302137911
26.0 29.875784582753013
34.0 33.7979981583509
24.0 39.78980639844136
22.0 32.70797201204868
20.0 33.50908987920694
25.0 33.577765259207524
24.0 36.58093544395537
24.0 29.55469290962264
21.0 31.440341146248606
21.0 31.34463641804968
24.0 33.05404960526194
31.0 45.156123939196796
43.0 39.72095468100146
45.0 57.23888550844032
40.0 47.88289320849773
33.0 38.367694186812024
0.0 38.51270858457245
42.0 5.3722363432555404
44.0 20.173026850742957
45.0 22.41678604976085
53.0 32.036293982053316
48.0 39.953765016480375
44.0 42.1252497614643
41.0 59.856382411846695
38.0 34.98261880020041
39.0 39.323519348762204
34.0 35.028758570908025
34.0 34.224112772973214
33.0 30.252678085937625
20.0 35.72593557690705
12.0 24.71754304668259
1.0 5.96377491124937
1.0 9.432192847105508
3.0 12.573134358038821
5.0 9.779186012921173
4.0 12.840981890554527
2.0 6.748183724042441
1.0 -2.0296951095651465
4.0 8.394046478842572
4.0 -10.34755750942698
13.0 7.536793028064412
15.0 4.505636938646326
20.0 -3.6528467889548075
22.0 10.71457303852328
22.0 13.894453413838916
30.0 15.403859265642945
24.0 31.0992131390396
29.0 19.27386606887095
22.0 25.38116373108008
27.0 7.821716051042827
24.0 23.410543405783876
31.0 21.409722767478538
28.0 27.75666854027595
23.0 29.18138368088476
14.0 21.194870129784366
12.0 23.19468467827349
17.0 20.038455184159275
17.0 19.763391812542324
18.0 21.45072562306702
17.0 14.981925958820968
28.0 19.796487124785045
37.0 24.564686265384495
35.0 25.33270414183053
29.0 29.96741418048403
26.0 26.808429050381932
32.0 23.79930707038274
35.0 31.118939725614936
42.0 32.702140818790525
37.0 34.55602510767268
32.0 35.22235186237571
26.0 34.554316377915555
29.0 33.60695792423128
39.0 37.67069225432851
42.0 41.54534466983702
49.0 40.086613214238156
52.0 38.929035904941145
53.0 48.65309106161217
48.0 37.41054290196337
40.0 46.69281463227739
35.0 44.27263476995853
37.0 40.82549892257974
36.0 46.419232237069494
43.0 38.73052277499056
31.0 38.46449054643193
21.0 31.70554558415561
11.0 36.04623589142687
17.0 23.703945621637633
25.0 31.87316965654172
26.0 31.044338929393437
32.0 25.75766795157968
35.0 18.868613053709907
-3.0 20.810271331482035
0.0 4.97271772680563
0.0 11.896613723446634
0.0 -5.831828169258035
0.0 -8.945187696505851
0.0 -9.566614608626598
0.0 -15.051733042906104
0.0 -11.684697422873672
0.0 -20.09412367701322
0.0 -2.6068781210110394
0.0 -19.94021443020618
0.0 -19.94021443020618
0.0 -19.94021443020618
0.0 -19.94021443020618
0.0 -19.94021443020618
0.0 -19.94021443020618
0.0 -19.94021443020618
-3.0 -19.94021443020618
46.0 -18.278610689407795
29.0 20.15000980402489
36.0 8.552744476543829
38.0 27.28904598106863
52.0 16.706107800103098
54.0 33.350721942901
51.0 55.0080474050764
38.0 28.908639865580508
35.0 33.59929069337453
40.0 32.49771114624596
47.0 38.29960707127056
47.0 47.63847192503989
45.0 43.25182439410723
45.0 38.05426030835264
43.0 38.28993110966842
40.0 35.42837992865536
49.0 32.8999740697615
44.0 46.115763347657875
38.0 35.442148900149675
32.0 28.985420072699224
33.0 30.080627270742696
24.0 27.187288619501796
17.0 26.686980337395475
17.0 27.796431307140796
18.0 24.668693030605017
18.0 12.804629429289832
14.0 11.224967005017849
14.0 13.673640121337767
10.0 3.365010417926346
14.0 0.538045160430805
25.0 13.314996497427247
43.0 22.862977864482914
42.0 33.248347758486915
34.0 35.7883154448816
16.0 23.26194197171588
21.0 20.039911289380544
24.0 29.369783192232635
31.0 29.150582347671772
26.0 32.85305437153281
27.0 19.048286512122505
24.0 15.556689723309598
14.0 22.783206203404426
18.0 22.287919304733034
18.0 14.347173624457549
25.0 23.00732274932851
17.0 23.03016439456092
26.0 17.2624580435602
0.0 32.60207486412848
44.0 21.943591975672625
53.0 47.35951246890739
50.0 54.53929979054638
52.0 47.858666085211425
55.0 31.07151269438797
71.0 19.898944385956025
80.0 48.43170729176933
68.0 54.52007264151309
53.0 56.82182736548045
48.0 57.15458916390433
52.0 57.55875959251218
49.0 50.2522255619657
43.0 50.276698364582295
52.0 39.18874638392484
55.0 39.67150624261113
46.0 42.87546951885203
46.0 46.7217008677038
48.0 29.932513110329875
56.0 40.95545893377248
55.0 41.99347384781724
54.0 42.66778942906384
67.0 37.7958369487303
77.0 48.96590840305796
0.0 70.64091039299483
72.0 23.36114550086376
57.0 50.09052467287623
45.0 39.177025563142564
45.0 42.20039874214771
44.0 11.221022804224347
31.0 13.58989303734241
28.0 18.569455298252834
30.0 19.165334214939268
30.0 34.17170674039014
29.0 27.0327478618634
24.0 23.850859704089068
25.0 21.227340807972745
24.0 18.61031823982349
19.0 17.246268251034017
15.0 19.05559718879866
13.0 12.408333520978733
14.0 10.50478257954833
14.0 13.550071542050055
8.0 6.984499820976843
4.0 10.78169409993319
7.0 8.01305379981157
10.0 5.044181642216582
15.0 11.621268057194875
13.0 12.297785867727658
13.0 6.800056391261325
15.0 16.643341926934625
14.0 14.206939217892451
14.0 18.45924958650733
19.0 17.963908330552258
29.0 12.443144087291373
29.0 23.015149991499435
19.0 21.22536671505973
14.0 19.450839094501063
15.0 13.169073376188958
15.0 18.514324736559715
12.0 17.517638382409007
6.0 9.542533275668173
14.0 8.320793832918053
18.0 4.123076241450448
26.0 6.933084296097938
16.0 18.490472441816564
12.0 3.472840638449977
4.0 1.8848694797565315
5.0 3.2569791857943144
1.0 3.0743051446235583
4.0 4.094593392834774
2.0 1.586181241493449
3.0 -7.168777666733394
7.0 -9.600773823980685
12.0 -7.280210854386585
26.0 4.7176408904954705
32.0 14.159217585324614
52.0 17.83160315632743
59.0 39.50379322854367
75.0 44.15663592621069
69.99999999999999 52.38934127529362
63.0 55.976576285200196
53.0 58.34661900969121
45.0 51.86341066381151
41.0 45.879472508922184
34.0 37.69390828519673
33.0 34.54987816888999
40.0 30.984701341890105
40.0 26.850755983513846
43.0 26.457025087583375
31.0 31.266521687638832
21.0 21.94314139950096
12.0 25.558133644977342
24.0 23.411036926058436
34.0 33.72074139345728
-3.0 33.55077585116409
0.0 13.418753816606953
0.0 -2.0745945514156716
0.0 -19.769830645591778
0.0 -15.500485258930379
0.0 -21.660253559072213
0.0 -18.95667451883587
0.0 -12.17401783386035
34.0 -21.750953586098984
47.0 4.7509055541420615
47.0 6.515886487813351
42.0 10.811508498233497
32.0 20.860060573294394
25.0 22.130043011986587
26.0 15.462524767906222
33.0 16.09357811064023
38.0 19.468817900361756
47.0 33.55081758745783
44.0 37.492751037579986
44.0 25.50714913886093
43.0 30.70374587983282
53.0 37.04989730795129
56.0 48.92125729085627
55.0 36.98126154204111
49.0 52.79755421801906
54.0 44.152985370750116
55.0 47.59793353706905
61.0 41.9187609901997
59.0 39.12684892720522
59.0 40.1928930528041
58.0 40.20653232339825
61.0 34.227646015217246
63.0 32.5243875433034
65.0 51.00872594224227
64.0 27.396506416390014
72.0 31.813297996238532
83.0 40.52192187413386
87.0 45.973110182143834
90.0 47.14356074429958
85.0 50.72069545148089
89.0 47.63984825224428
85.0 56.58764587760532
88.0 50.14861520034253
85.0 52.57191075724454
89.0 46.11385643185348
83.0 43.37591105366396
84.0 49.30147580554658
81.0 49.24922988994919
-3.0 55.315149028772794
75.0 18.59010179576331
55.0 72.87380897296941
37.0 45.65942577611318
34.0 31.99906110459484
33.0 6.282822660822216
30.0 15.748369033468947
22.0 6.684570764172733
28.0 4.2549864331145315
38.0 27.153539194392664
47.0 24.984702231352426
52.0 49.293278069554994
52.0 51.09397103420378
47.0 43.44434021738585
34.0 50.922992237868
31.0 43.23079787557472
34.0 42.489593887254735
34.0 39.34883239841855
29.0 36.13494807599036
24.0 25.06717893732973
26.0 19.676972413456344
28.0 16.999005149565523
29.0 23.998602633165312
32.0 29.111899058701653
26.0 27.001394679015537
22.0 31.46668872623473
20.0 21.45670820895446
19.0 28.69926685123415
20.0 29.761958163017947
20.0 25.942865377739533
20.0 19.43526525262503
26.0 22.448248965482282
32.0 26.270542190326307
46.0 37.06164322632114
56.0 41.33851577522835
58.0 53.165852136882435
54.0 56.32492713169222
53.0 47.684451816850704
44.0 47.300211119061956
45.0 42.53925366931327
35.0 45.735861251066616
41.0 41.47469136707866
37.0 51.88842335916932
33.0 41.9992933848993
23.0 38.826106727112915
26.0 33.530891051907986
27.0 36.85336060614634
34.0 29.931446016680063
37.0 46.44312252571928
33.0 41.32523824052829
32.0 36.94259404371728
0.0 37.51727912425268
28.0 4.311906390974297
31.0 33.718598894291176
24.0 29.547025956420086
20.0 38.69155469603433
24.0 24.874937935178906
27.0 31.796537698506754
28.0 39.76746868485407
24.0 30.204392534812815
21.0 26.635495685035828
18.0 24.332353860506036
13.0 19.43426365594612
23.0 19.143528939502783
32.0 31.87937435373752
33.0 27.151931455969333
24.0 20.980470458003257
13.0 37.34908165644461
14.0 18.640439538192915
10.0 23.58465298255686
17.0 31.277892924220644
28.0 35.45325101066181
34.0 19.268449027653233
41.0 20.388562173979032
42.0 37.94865400858982
45.0 50.414117891006796
47.0 58.725730280826554
47.0 55.01896176395425
45.0 44.68099983010212
37.0 37.94374906110717
40.0 19.04974643646925
38.0 29.249836389106182
42.0 37.276709096263865
40.0 48.001317562964104
45.0 46.18285864502698
47.0 53.311827429061864
43.0 45.494886747212945
42.0 45.90788906473975
35.0 45.08621897537557
35.0 44.61097865428107
34.0 40.85786883774457
40.0 50.51921917649403
41.0 31.91920782533164
42.0 32.183168301073174
44.0 40.15502534905926
62.0 40.64842064933176
71.0 53.11946346343383
74.0 52.45640400839039
54.0 77.04162689422265
32.0 63.74919887449131
24.0 44.833449218945276
21.0 38.04060280821963
26.0 36.931958335562804
26.0 15.935315385061772
26.0 -3.4046589631203013
27.0 18.378404058341314
26.0 22.135179880916436
27.0 33.73221636546376
26.0 34.342257439679386
22.0 22.82363732232691
24.0 27.53435586253087
24.0 17.815174374635443
18.0 25.17083094794043
18.0 25.53468899420453
14.0 2.8697095248638824
14.0 14.058207572822893
4.0 7.997603296799557
6.0 -4.203180064424448
11.0 -2.1727514214381856
20.0 10.853803050054541
24.0 9.179824474756632
24.0 18.170027738826406
20.0 11.076355944173152
15.0 12.499360368615168
17.0 8.687418498257259
16.0 9.607983991209238
25.0 16.28449567897617
24.0 25.28256499354187
28.0 19.81261411118254
31.0 20.863838169383094
41.0 27.543341671415238
49.0 32.652911556192436
51.0 41.07200211879142
48.0 49.79470497622006
49.0 36.92871920930261
